local Teleports = {
	['Forsaken Shores'] = CFrame.new(-2509.84766, 135.58136, 1568.06921, 0.576484084, -2.90220239e-08, 0.817108393, -2.91917193e-08, 1, 5.61132225e-08, -0.817108393, -5.6201177e-08, 0.576484084);
	['Roslit Bay'] = CFrame.new(-1472.76562, 132.525513, 710.11377, 0.857699811, 3.99945321e-08, -0.514150798, -4.50792648e-08, 1, 2.58689425e-09, 0.514150798, 2.09587618e-08, 0.857699811);
	['Sunstone Island'] = CFrame.new(-916.835876, 135.842087, -1125.71436, -0.770310819, -9.40425782e-09, 0.63766855, -4.71950168e-09, 1, 9.04666653e-09, -0.63766855, 3.95926758e-09, -0.770310819);
	['Moosewood'] = CFrame.new(387.319153, 134.500031, 255.297958, 0.99990648, -5.88508762e-08, 0.0136754476, 5.73468562e-08, 1, 1.10371673e-07, -0.0136754476, -1.09577101e-07, 0.99990648);
	['Snowcap Island'] = CFrame.new(2597.84912, 135.283859, 2417.89453, 0.320652425, -7.56810294e-08, -0.94719696, 4.79189168e-08, 1, -6.36781081e-08, 0.94719696, -2.49701131e-08, 0.320652425);
	['Terrapin Island'] = CFrame.new(-167.348587, 145.085602, 1938.59583, -0.304156363, 1.14892146e-07, 0.952622116, -1.4166246e-09, 1, -1.2105852e-07, -0.952622116, -3.81702243e-08, -0.304156363);
	['Statue Of Sovereignty'] = CFrame.new(20.0280285, 159.014709, -1041.87463, 0.718164384, 6.87932982e-08, 0.695873499, -1.21948913e-08, 1, -8.62733884e-08, -0.695873499, 5.34723732e-08, 0.718164384);
	['Vertigo'] = CFrame.new(-112.719063, -515.299377, 1136.88416, -0.924575984, 5.51628148e-08, 0.380997658, 6.49570424e-08, 1, 1.28476128e-08, -0.380997658, 3.66270783e-08, -0.924575984);
	['The Depths'] = CFrame.new(945.280334, -711.662109, 1259.22156, -0.172736004, 1.49195341e-08, -0.984968185, 2.28289156e-08, 1, 1.11436682e-08, 0.984968185, -2.05608437e-08, -0.172736004);
	['Mushgrove Swamp'] = CFrame.new(2445.54224, 130.904053, -679.550842, -0.870547235, 1.35535743e-08, -0.492084801, 1.40879317e-08, 1, 2.62020516e-09, 0.492084801, -4.65144501e-09, -0.870547235);
	['Desolate Deep'] = CFrame.new(-1656.29468, -213.779953, -2849.88428, -0.523361683, 9.58157642e-08, 0.852110624, 2.75531846e-08, 1, -9.55222035e-08, -0.852110624, -2.65143001e-08, -0.523361683);
	['Enchant Room'] = CFrame.new(1308.28259, -805.292236, -98.5643768, -0.992340386, -1.97533989e-08, -0.123533793, -2.072494e-08, 1, 6.5795378e-09, 0.123533793, 9.08937103e-09, -0.992340386);
	['Roslit Volcano'] = CFrame.new(-1964.21582, 192.653046, 274.950195, 0.598745048, -3.8554524e-09, -0.800939679, 9.67569935e-09, 1, 2.41943932e-09, 0.800939679, -9.19827947e-09, 0.598745048);
	['Brine Pool'] = CFrame.new(-1787.59717, -118.740646, -3384.49683, -1, 0, 0, 0, 1, 0, 0, 0, -1);
	['The Arch'] = CFrame.new(1007.4986, 131.516281, -1267.97058, 0.980580807, -9.53307833e-09, 0.196115628, 1.04557296e-08, 1, -3.66930708e-09, -0.196115628, 5.64858382e-09, 0.980580807);
	['Ancient Isles'] = CFrame.new(6063.52002, 195.18013, 285.97113, -0.00490061752, -5.11460669e-08, -0.999988019, 2.93520017e-08, 1, -5.12905238e-08, 0.999988019, -2.96030045e-08, -0.00490061752);
	['Crafting (Rod) Table'] = CFrame.new(-3161.23511, -747.214539, 1701.67944, 0.999994099, -2.56897152e-08, -0.00343629811, 2.55435548e-08, 1, -4.25783249e-08, 0.00343629811, 4.24902993e-08, 0.999994099);
	['Ancient Waterfall'] = CFrame.new(5800.40088, 135.301468, 406.355682, 0.421890169, 4.07270395e-09, -0.906646967, -2.43030374e-09, 1, 3.36115691e-09, 0.906646967, 7.85388532e-10, 0.421890169);
	['Snow Globe'] = CFrame.new(-101.126625, 364.635834, -9492.83594, 0.54968226, -3.44239446e-08, -0.835373819, 5.55941746e-08, 1, -4.62644545e-09, 0.835373819, -4.38988437e-08, 0.54968226);
	['Northern Summit'] = CFrame.new(19535.4453, 132.670074, 5293.35547, -0.824248374, 5.19136591e-08, -0.566228449, -8.73330208e-09, 1, 1.0439615e-07, 0.566228449, 9.0993403e-08, -0.824248374);
	['Glacial Grotto'] = CFrame.new(20015.3262, 1136.42773, 5531.2583, 0.100680023, -9.49732311e-08, 0.994918883, 6.66767193e-08, 1, 8.87109692e-08, -0.994918883, 5.74065027e-08, 0.100680023);
	['Cryogenic Canal'] = CFrame.new(20130, 670, 5486);
	['Frigid Cavern'] = CFrame.new(19842, 438, 5617);
	['Grand Reef'] = CFrame.new(-3580.25952, 150.961731, 515.507812, 0.856589258, -1.12539942e-08, 0.51599884, -1.97214476e-08, 1, 5.45489094e-08, -0.51599884, -5.69022554e-08, 0.856589258);
	["The Keeper's Secret"] = CFrame.new(2234.27417, -803.432434, 1039.79907, -0.998775959, -4.6916262e-09, -0.0494634397, -4.51018156e-09, 1, -3.77987508e-09, 0.0494634397, -3.55215901e-09, -0.998775959);
	['Atlantis'] = CFrame.new(-4265.98584, -603.404907, 1806.15125, 0.464910418, -6.12515816e-09, -0.885357738, -2.05190442e-08, 1, -1.7693047e-08, 0.885357738, 2.63923763e-08, 0.464910418);
	['Poseidon Temple'] = CFrame.new(-4282.82715, -693.05365, 1204.92334, 0.998643398, 2.88506762e-05, 0.0520713031, -2.95630034e-05, 1, 1.29096179e-05, -0.0520713031, -1.44314881e-05, 0.998643398);
	['Sunken Trial'] = CFrame.new(-4595.85889, -596.753723, 1844.1123, -0.0303665847, 7.45292468e-08, 0.999538839, 8.28561539e-08, 1, -7.20464115e-08, -0.999538839, 8.06301443e-08, -0.0303665847);
	['Zeus Trial'] = CFrame.new(-4296.24512, -673.110168, 2355.8833, -0.999945164, 1.22608945e-08, -0.010471506, 1.25401503e-08, 1, -2.66024731e-08, 0.010471506, -2.67323284e-08, -0.999945164);
	['Kraken Pool'] = CFrame.new(-4388.7168, -996.260559, 2048.71875, -0.0272272266, -5.29545829e-08, -0.999629259, 1.02027897e-08, 1, -5.32521192e-08, 0.999629259, -1.16489156e-08, -0.0272272266);
	['Harvesters Spike'] = CFrame.new(-1323.09863, 140.746323, 1533.56665, -0.578425586, 5.67408946e-08, -0.815735161, 7.57453194e-08, 1, 1.58481122e-08, 0.815735161, -5.26211679e-08, -0.578425586);
	['Oil Stage'] = CFrame.new(-1843.65869, 131.412598, -479.158661, 0.0429222547, -6.43463665e-08, -0.999078393, 5.30679571e-08, 1, -6.21258209e-08, 0.999078393, -5.03524689e-08, 0.0429222547);
	['Veil of Forsaken'] = CFrame.new(-2235.7, -11190.5, 7073.8, -0.99947989, -0.032225594, -0.00042122547, 0.032225594, -0.99947989, 0.00042122547, -0.00042122547, 0.00042122547, 0.99947989);
	['Calm Zone'] = CFrame.new(-4306.1, -11168.9, 3755.7, -0.99947989, -0.032225594, -0.00042122547, 0.032225594, -0.99947989, 0.00042122547, -0.00042122547, 0.00042122547, 0.99947989);
	['Abyssal Zenith'] = CFrame.new(-4306.1, -11168.9, 3755.7, -0.99947989, -0.032225594, -0.00042122547, 0.032225594, -0.99947989, 0.00042122547, -0.00042122547, 0.00042122547, 0.99947989);
	['Volcanic Vents'] = CFrame.new(-3398.62061, -2259.45557, 3867.06323, -0.987024605, 9.03834234e-08, -0.160569221, 9.4491206e-08, 1, -1.79468884e-08, 0.160569221, -3.28863976e-08, -0.987024605);
	['Volcanic Pool'] = CFrame.new(-3188.64307, -2039.21497, 4034.61401, -0.870700479, -5.9605533e-08, 0.491813689, -6.47429559e-08, 1, 6.57527766e-09, -0.491813689, -2.61163748e-08, -0.870700479);
	['Challengers Deep'] = CFrame.new(-779.285706, -3283.21167, -660.240417, 0.904380858, -3.35075576e-08, -0.426726282, 3.498414e-08, 1, -4.37885328e-09, 0.426726282, -1.09685008e-08, 0.904380858);
	['Challengers Pool'] = CFrame.new(673.111084, -3342.52832, -1550.98267, 0.785640836, -6.39279563e-08, -0.618682861, 7.62737074e-09, 1, -9.3643429e-08, 0.618682861, 6.8851179e-08, 0.785640836);
	['Luminescent Cavern'] = CFrame.new(-1006.57538, -336.110596, -4084.63306, 0.909865916, -2.3386427e-08, 0.414902389, 6.33801918e-08, 1, -8.26243678e-08, -0.414902389, 1.01473688e-07, 0.909865916);
	['Cursed Isle'] = CFrame.new(1866.484130859375, 140.10064697265625, 1160.92578125);
	['Lost Jungle'] = CFrame.new(-2693, 148, -2047);
	['Crystal Cove'] = CFrame.new(1370, -603, 2340);
	['Castaway Cliffs'] = CFrame.new(637, 159, -1849);
	['Crimson Cavern'] = CFrame.new(-1008.76562, -340.570465, -4885.61768, 0.980945408, -8.47727044e-09, 0.19428353, -8.61426308e-09, 1, 8.71272618e-08, -0.19428353, -8.71406982e-08, 0.980945408);
	['Forgetten Temple'] = CFrame.new(-5128.47217, -1759.56152, -9958.36426, -0.999860823, 6.76999984e-11, -0.0166829489, 6.18270921e-11, 1, 3.52546353e-10, 0.0166829489, 3.51465829e-10, -0.999860823);
	['Mossjaw Room'] = CFrame.new(-4909.81836, -1790.56128, -10145.1553, 0.156258345, 8.82384565e-09, -0.987716198, 6.41356053e-08, 1, 1.9079943e-08, 0.987716198, -6.63291786e-08, 0.156258345);
	['Blue Moon'] = CFrame.new(2742, 131, 2500);
	['Snowburrow'] = CFrame.new(2783, 98, 2602);
	['Atlantean Storm'] = CFrame.new(-3816, 132, 376);
	['Treasure Island'] = CFrame.new(8203.68945, 197.200089, -17262.6191, -0.72245121, 7.51685505e-08, 0.691421866, 6.44294396e-09, 1, -1.01983815e-07, -0.691421866, -6.92235389e-08, -0.72245121);
	['Overgrowth Caves'] = CFrame.new(20297.002, 272.20343, 5464.00195, -0.899346054, 8.01380509e-08, 0.437237591, 7.45256727e-08, 1, -2.99921261e-08, -0.437237591, 5.61212365e-09, -0.899346054);
}
